sal_486: [[0, 233, 2, 0], [132, 0, 6, 0], [0, 0, 0, 0]]
nor_392_arch: [[0, 142, 0, 0], [55, 0, 1, 0], [0, 2, 0, 0]]
aud_414: [[0, 214, 0, 0], [95, 0, 11, 0], [0, 4, 0, 0]]
arch_387: [[0, 1520, 35, 0], [110, 0, 17, 0], [5, 22, 0, 0]]
arch_399: [[0, 172, 0, 0], [22, 0, 5, 0], [0, 379, 0, 0]]
arch_403: [[0, 87, 0, 0], [45, 0, 2, 0], [0, 0, 0, 0]]
arch_408: [[0, 306, 0, 0], [79, 0, 0, 0], [0, 11, 0, 0]]
arch_412: [[0, 532, 2, 0], [352, 0, 22, 0], [3, 139, 0, 0]]
arch_414: [[0, 50, 0, 0], [12, 0, 1, 0], [0, 4, 0, 0]]
arch_416: [[0, 111, 3, 0], [570, 0, 102, 0], [0, 0, 0, 0]]
arch_418: [[0, 205, 0, 0], [29, 0, 0, 0], [0, 3, 0, 0]]
arch_420: [[0, 403, 3, 0], [4, 0, 5, 0], [1, 67, 0, 0]]
nor_420_yfp: [[0, 99, 0, 0], [30, 0, 0, 0], [0, 0, 0, 0]]
nor_468_yfp: [[0, 128, 0, 0], [59, 0, 3, 0], [0, 22, 0, 0]]
nor_477_yfp: [[0, 44, 0, 0], [41, 0, 5, 0], [0, 0, 0, 0]]
nor_484_yfp: [[0, 236, 4, 0], [96, 0, 0, 0], [13, 100, 0, 0]]


For each file, arr[i][j] = how many groundtrut h= i(0,1,2) are missed 
predicted to be j (0,1,2);

For example, {nor_484_yfp[0][1] = 236} means there are 236 instances where 
groundtruth is label 0 but pred_label is 1