Using Pred REM as range for iou:

                                                                                                             
[(2177, 2186), (2188, 2220), (2370, 2371), (3935, 3937), (3941, 3941), (4555, 4564), (4566, 4566), (4569, 4570), (4572, 4572), (9068, 9173), (9175, 9182), (9659, 9664), (10656, 10656), (10659, 10752), (10754, 10758), (10760, 10761), (10765, 10768), (10772, 10772), (10775, 10775), (10777, 10780), (10782, 10783), (12509, 12509), (12512, 12693), (12695, 12695)]
Here is the IoU List:
[0.0, 0.0, 0.0, 0.0, 0, 0.0, 0, 0.0, 0, 1.0, 1.0, 0.0, 0, 1.0, 1.0, 1.0, 1.0, 0, 0, 1.0, 1.0, 0, 1.0, 0]
individualConfusionMatrix:
[4754, 866, 64]
[205, 6504, 6]
[20, 47, 411]
{'Class_0': {'Precision': 0.955, 'Recall': 0.836, 'F1 Score': 0.892}, 'Class_1': {'Precision': 0.877, 'Recall': 0.969, 'F1 Score': 0.92}, 'Class_2': {'Precision': 0.854, 'Recall': 0.86, 'F1 Score': 0.857}}
arch_387.mat
0.905





[(3713, 3749), (5313, 5348), (6048, 6048), (6050, 6092), (6671, 6672), (6674, 6758), (9127, 9127), (9133, 9216), (10617, 10617), (10619, 10624), (11201, 11331), (11333, 11338), (11340, 11340), (11349, 11350), (11359, 11359)]
Here is the IoU List:
[0.889, 1.0, 0, 1.0, 1.0, 1.0, 0, 1.0, 0, 1.0, 1.0, 1.0, 0, 1.0, 0]
individualConfusionMatrix:
[4774, 672, 0]
[372, 5587, 5]
[68, 258, 432]
{'Class_0': {'Precision': 0.916, 'Recall': 0.877, 'F1 Score': 0.896}, 'Class_1': {'Precision': 0.857, 'Recall': 0.937, 'F1 Score': 0.895}, 'Class_2': {'Precision': 0.989, 'Recall': 0.57, 'F1 Score': 0.723}}
arch_412.mat
0.885




[(5171, 5171), (5175, 5270), (8038, 8043), (8045, 8137), (9438, 9438), (9440, 9440), (9442, 9450), (9452, 9452), (9454, 9458), (9460, 9462), (9465, 9467), (10061, 10109), (10112, 10112), (10659, 10832)]
Here is the IoU List:
[0, 0.432, 1.0, 0.967, 0, 0, 0.0, 0, 0.0, 0.0, 0.0, 0.958, 0, 0.977]
individualConfusionMatrix:
[8155, 541, 7]
[14, 4231, 83]
[0, 40, 353]
{'Class_0': {'Precision': 0.998, 'Recall': 0.937, 'F1 Score': 0.967}, 'Class_1': {'Precision': 0.879, 'Recall': 0.978, 'F1 Score': 0.926}, 'Class_2': {'Precision': 0.797, 'Recall': 0.898, 'F1 Score': 0.844}}
arch_420.mat
0.95




[(3127, 3234), (4161, 4241), (4639, 4639), (4641, 4757), (4764, 4764), (6041, 6043), (6045, 6188), (6191, 6192), (6195, 6195), (7878, 7879), (7881, 7927), (8430, 8512), (8515, 8515), (9102, 9125), (9630, 9631), (9634, 9755), (10499, 10658), (10661, 10670), (10672, 10689), (10691, 10691)]
Here is the IoU List:
[0.897, 0.925, 0, 1.0, 0, 0.0, 0.958, 0.0, 0, 0.0, 0.0, 0.659, 0, 0.0, 0.0, 0.967, 0.0, 0.0, 0.0, 0]
individualConfusionMatrix:
[3087, 332, 9]
[252, 7040, 323]
[12, 1, 596]
{'Class_0': {'Precision': 0.921, 'Recall': 0.901, 'F1 Score': 0.911}, 'Class_1': {'Precision': 0.955, 'Recall': 0.924, 'F1 Score': 0.939}, 'Class_2': {'Precision': 0.642, 'Recall': 0.979, 'F1 Score': 0.776}}
arch_484_yfp.mat
0.922




[(2079, 2080), (2082, 2083), (2085, 2148), (2990, 3161), (4293, 4293), (4296, 4352), (4865, 4932), (6961, 6977), (6981, 6981), (6983, 7040), (8257, 8363), (9120, 9120), (9122, 9133), (9217, 9434), (10289, 10352)]
Here is the IoU List:
[0.0, 0.0, 0.81, 0.93, 0, 0.839, 1.0, 1.0, 0, 1.0, 0.991, 0, 0.0, 0.995, 0.984]
individualConfusionMatrix:
[3771, 290, 5]
[123, 6567, 52]
[10, 38, 787]
{'Class_0': {'Precision': 0.966, 'Recall': 0.927, 'F1 Score': 0.946}, 'Class_1': {'Precision': 0.952, 'Recall': 0.974, 'F1 Score': 0.963}, 'Class_2': {'Precision': 0.932, 'Recall': 0.943, 'F1 Score': 0.937}}
arch_486.mat
0.955




[(4539, 4541), (4543, 4544), (4580, 4712), (5692, 5693), (5696, 5696), (5928, 5928), (5931, 5952), (6018, 6018), (6928, 6928), (6931, 6976), (7901, 7936), (8180, 8180), (8183, 8192), (8751, 8800), (9113, 9113), (9116, 9116), (9118, 9152), (9527, 9536), (9589, 9589), (10098, 10098), (10101, 10176), (10807, 10807), (10809, 10816)]
Here is the IoU List:
[0.0, 0.0, 0.962, 0.0, 0, 0, 1.0, 0, 0, 1.0, 0.829, 0, 0.0, 0.878, 0, 0, 1.0, 1.0, 0, 0, 0.947, 0, 0.0]
individualConfusionMatrix:
[2372, 204, 0]
[693, 6982, 56]
[253, 37, 387]
{'Class_0': {'Precision': 0.715, 'Recall': 0.921, 'F1 Score': 0.805}, 'Class_1': {'Precision': 0.967, 'Recall': 0.903, 'F1 Score': 0.934}, 'Class_2': {'Precision': 0.874, 'Recall': 0.572, 'F1 Score': 0.691}}
aud_399.mat
0.889




[(1468, 1468), (1470, 1470), (1482, 1482), (1484, 1536), (2995, 2995), (2997, 3008), (3036, 3036), (3038, 3038), (3040, 3121), (3582, 3648), (4033, 4033), (4035, 4150), (4509, 4624), (5121, 5147), (5351, 5417), (6043, 6073), (6221, 6221), (6223, 6272), (6274, 6329), (7017, 7104), (8249, 8249), (8251, 8334), (8705, 8782), (10452, 10454), (10456, 10486)]
Here is the IoU List:
[0, 0, 0, 1.0, 0, 0.0, 0, 0, 0.963, 0.545, 0, 0.704, 0.913, 0.0, 0.894, 0.967, 0, 1.0, 1.0, 0.747, 0, 0.988, 0.961, 0.0, 0.0]
individualConfusionMatrix:
[2312, 200, 25]
[573, 6746, 169]
[11, 33, 776]
{'Class_0': {'Precision': 0.798, 'Recall': 0.911, 'F1 Score': 0.851}, 'Class_1': {'Precision': 0.967, 'Recall': 0.901, 'F1 Score': 0.933}, 'Class_2': {'Precision': 0.8, 'Recall': 0.946, 'F1 Score': 0.867}}
chr2_584_yfp.mat
0.909




[(2881, 2957), (3713, 3874), (5742, 5832), (6913, 7078), (7932, 7995), (8994, 9056), (9566, 9733)]
Here is the IoU List:
[1.0, 0.981, 1.0, 0.982, 0.952, 0.952, 0.976]
individualConfusionMatrix:
[2672, 286, 16]
[215, 6798, 1]
[3, 34, 774]
{'Class_0': {'Precision': 0.925, 'Recall': 0.898, 'F1 Score': 0.911}, 'Class_1': {'Precision': 0.955, 'Recall': 0.969, 'F1 Score': 0.962}, 'Class_2': {'Precision': 0.979, 'Recall': 0.954, 'F1 Score': 0.966}}
chr2_588_freq.mat
0.948




[(1296, 1296), (1298, 1335), (1337, 1340), (3476, 3476), (3561, 3561), (3563, 3566), (3568, 3584), (4545, 4552), (4554, 4566), (4568, 4569), (4574, 4581), (4801, 4832), (5441, 5494), (5980, 5982), (5986, 5986), (6529, 6609)]
Here is the IoU List:
[0, 0.0, 0.0, 0, 0, 0.0, 0.0, 0.0, 0.0, 0.0, 0.0, 1.0, 1.0, 0.0, 0, 0.988]
individualConfusionMatrix:
[1950, 333, 5]
[106, 4684, 97]
[3, 13, 166]
{'Class_0': {'Precision': 0.947, 'Recall': 0.852, 'F1 Score': 0.897}, 'Class_1': {'Precision': 0.931, 'Recall': 0.958, 'F1 Score': 0.945}, 'Class_2': {'Precision': 0.619, 'Recall': 0.912, 'F1 Score': 0.738}}
nor_387_arch.mat
0.925




[(4132, 4205), (4207, 4214), (6106, 6107), (6109, 6168), (6787, 6812), (6913, 7074)]
Here is the IoU List:
[1.0, 1.0, 1.0, 1.0, 0.0, 1.0]
individualConfusionMatrix:
[2558, 428, 0]
[266, 3514, 26]
[8, 99, 306]
{'Class_0': {'Precision': 0.903, 'Recall': 0.857, 'F1 Score': 0.879}, 'Class_1': {'Precision': 0.87, 'Recall': 0.923, 'F1 Score': 0.896}, 'Class_2': {'Precision': 0.922, 'Recall': 0.741, 'F1 Score': 0.821}}
nor_408_yfp.mat
0.885




[(3286, 3286), (3289, 3412), (4665, 4680), (5518, 5518), (5520, 5520), (5522, 5699)]
Here is the IoU List:
[0, 1.0, 1.0, 0, 0, 1.0]
individualConfusionMatrix:
[1606, 93, 0]
[348, 4815, 0]
[3, 27, 321]
{'Class_0': {'Precision': 0.821, 'Recall': 0.945, 'F1 Score': 0.879}, 'Class_1': {'Precision': 0.976, 'Recall': 0.933, 'F1 Score': 0.954}, 'Class_2': {'Precision': 1.0, 'Recall': 0.915, 'F1 Score': 0.955}}
nor_486_arch.mat
0.936




[(3739, 3776), (4545, 4676), (5249, 5282), (7233, 7293), (7664, 7841), (8845, 8893), (9255, 9257), (9259, 9317), (9320, 9323), (9326, 9333), (9337, 9343), (9345, 9357), (10280, 10280), (10284, 10284), (10286, 10420), (11413, 11413), (11416, 11416), (11419, 11512), (11879, 11880), (11882, 11899), (12121, 12246)]
Here is the IoU List:
[0.811, 1.0, 0.515, 0.7, 0.983, 0.688, 1.0, 0.983, 1.0, 1.0, 1.0, 1.0, 0, 0, 0.993, 0, 0, 0.914, 0.0, 0.0, 1.0]
individualConfusionMatrix:
[4446, 390, 5]
[42, 6345, 93]
[45, 13, 867]
{'Class_0': {'Precision': 0.981, 'Recall': 0.918, 'F1 Score': 0.949}, 'Class_1': {'Precision': 0.94, 'Recall': 0.979, 'F1 Score': 0.959}, 'Class_2': {'Precision': 0.898, 'Recall': 0.937, 'F1 Score': 0.917}}
sal_588.mat
0.952




[(1170, 1170), (1172, 1175), (1177, 1178), (1180, 1182), (1217, 1224), (1226, 1226), (1473, 1536), (1729, 1729), (1731, 1735), (1748, 1748), (2408, 2408), (2411, 2500), (3030, 3030), (3033, 3076), (3201, 3224), (3228, 3228), (3777, 3916), (4218, 4224), (4527, 4654), (4909, 4912), (4914, 4914), (4916, 4916), (5107, 5107), (5109, 5109), (5112, 5112), (5114, 5120), (5179, 5180), (5182, 5184), (5281, 5309), (5441, 5456), (5458, 5460), (5526, 5568), (5619, 5620), (5622, 5648), (5650, 5652), (5655, 5655), (5761, 5960), (7725, 7729), (7731, 7744), (7991, 8000), (8300, 8367), (8385, 8387), (8511, 8512), (8705, 8706), (8708, 8719), (8807, 8905), (9636, 9801), (10151, 10176), (10271, 10271), (10274, 10335), (10646, 10646), (10648, 10721), (10723, 10723), (10730, 10732), (10741, 10741), (10746, 10746), (10749, 10749), (10752, 10752), (10992, 10993), (10995, 11008), (11085, 11085), (11129, 11148), (11222, 11359), (11417, 11417), (11420, 11456), (11855, 11919), (11930, 11930)]
Here is the IoU List:
[0, 0.0, 0.0, 0.0, 0.0, 0, 0.0, 0, 0.0, 0, 0, 1.0, 0, 0.884, 0.0, 0, 0.978, 0.0, 0.984, 0.0, 0, 0, 0, 0, 0, 0.0, 0.0, 0.0, 0.0, 0.0, 0.0, 0.0, 0.0, 0.0, 0.0, 0, 0.94, 0.0, 0.0, 0.0, 0.955, 0.0, 0.0, 0.0, 0.0, 0.847, 0.83, 0.0, 0, 0.77, 0, 0.918, 0, 0.0, 0, 0, 0, 0, 0.0, 0.0, 0, 0.0, 0.664, 0, 0.0, 0.672, 0]
individualConfusionMatrix:
[3274, 221, 94]
[136, 6833, 501]
[10, 1, 1108]
{'Class_0': {'Precision': 0.957, 'Recall': 0.912, 'F1 Score': 0.934}, 'Class_1': {'Precision': 0.969, 'Recall': 0.915, 'F1 Score': 0.941}, 'Class_2': {'Precision': 0.651, 'Recall': 0.99, 'F1 Score': 0.785}}
sal_592.mat
0.925




[(2479, 2573), (3650, 3766), (5569, 5604), (6262, 6263), (6265, 6413), (6785, 6808), (6980, 6982), (6984, 7018), (7152, 7197), (7537, 7655), (9088, 9181), (9184, 9184), (9446, 9447), (9449, 9450), (9452, 9503), (9817, 9818), (9820, 9941), (10195, 10230), (10444, 10448), (10451, 10453), (10497, 10652)]
Here is the IoU List:
[0.989, 0.741, 1.0, 0.0, 0.98, 1.0, 0.0, 0.912, 0.867, 0.958, 0.978, 0, 0.0, 0.0, 0.863, 0.0, 0.818, 0.743, 1.0, 1.0, 0.89]
individualConfusionMatrix:
[4113, 246, 0]
[258, 6279, 128]
[98, 5, 973]
{'Class_0': {'Precision': 0.92, 'Recall': 0.944, 'F1 Score': 0.932}, 'Class_1': {'Precision': 0.962, 'Recall': 0.942, 'F1 Score': 0.952}, 'Class_2': {'Precision': 0.884, 'Recall': 0.904, 'F1 Score': 0.894}}
sal_602.mat
0.939