[(7743, 7821)]
Here is the IoU List:
[0.987]
individualConfusionMatrix:
[6094, 270, 1]
[233, 3100, 0]
[0, 113, 78]
{'Class_0': {'Precision': 0.963, 'Recall': 0.957, 'F1 Score': 0.96}, 'Class_1': {'Precision': 0.89, 'Recall': 0.93, 'F1 Score': 0.91}, 'Class_2': {'Precision': 0.987, 'Recall': 0.408, 'F1 Score': 0.578}}
COM5_bin1_gs.mat
0.936


                                                                                                              
[(2689, 2803), (3980, 4093), (4609, 4654), (4661, 4661), (5121, 5268), (6046, 6047), (6049, 6111), (6676, 6856), (7738, 7738), (7740, 7747), (7749, 7751), (7922, 7965), (8186, 8186), (8188, 8188), (9954, 10115), (10960, 10960), (10963, 10963), (10965, 11077), (11393, 11451), (11774, 11774), (11841, 11904), (11969, 12013), (12223, 12224), (12781, 12781), (12783, 12783), (12785, 12799), (12993, 13053), (13185, 13221), (13419, 13419), (13421, 13536), (13734, 13792), (13840, 13840), (13842, 13846), (13848, 13945), (14337, 14478), (15203, 15339), (15341, 15341), (17345, 17408), (17665, 17672), (17674, 17680), (17687, 17687), (17691, 17691), (17695, 17696), (17698, 17698), (17921, 17930), (17932, 17932), (18177, 18177), (18179, 18287), (18753, 18797), (18799, 18799), (18901, 18902), (18908, 18987), (18989, 18989), (19442, 19444), (19446, 19492), (19792, 19793), (19796, 19798), (19800, 19882), (20033, 20140), (20142, 20251), (20558, 20558), (20583, 20583), (20929, 20971), (21377, 21523)]
Here is the IoU List:
[1.0, 0.894, 0.978, 0, 0.993, 1.0, 0.984, 1.0, 0, 1.0, 1.0, 0.953, 0, 0, 0.994, 0, 0, 0, 0, 0, 0, 0, 0, 0, 0, 0, 0, 0, 0, 0, 0, 0, 0, 0, 0, 0, 0, 0, 0, 0, 0, 0, 0, 0, 0, 0, 0, 0, 0, 0, 0, 0, 0, 0, 0, 0, 0, 0, 0, 0, 0, 0, 0, 0]
individualConfusionMatrix:
[2311, 205, 9]
[832, 6625, 14]
[0, 41, 867]
{'Class_0': {'Precision': 0.735, 'Recall': 0.915, 'F1 Score': 0.815}, 'Class_1': {'Precision': 0.964, 'Recall': 0.887, 'F1 Score': 0.924}, 'Class_2': {'Precision': 0.974, 'Recall': 0.955, 'F1 Score': 0.964}}
115_gs.mat
0.902




[(4205, 4225), (4228, 4229), (4857, 4860), (4862, 4960), (5948, 5948), (5951, 6016), (6025, 6080), (7471, 7471), (7474, 7488), (9109, 9109), (9115, 9116), (9125, 9125), (9133, 9135), (9139, 9144), (9146, 9244), (9246, 9247), (11805, 11807), (11809, 11840), (11842, 11843), (11845, 11947), (11950, 11950), (12950, 12950), (12952, 12992), (13006, 13127), (14913, 14918), (14920, 14920), (14922, 14922), (15897, 15897), (15899, 15936)]
Here is the IoU List:
[1.0, 1.0, 1.0, 1.0, 0, 1.0, 0.873, 0, 0.0, 0, 1.0, 0, 1.0, 1.0, 1.0, 1.0, 0, 0, 0, 0, 0, 0, 0, 0, 0, 0, 0, 0, 0]
individualConfusionMatrix:
[2962, 1055, 23]
[235, 5353, 0]
[57, 240, 356]
{'Class_0': {'Precision': 0.91, 'Recall': 0.733, 'F1 Score': 0.812}, 'Class_1': {'Precision': 0.805, 'Recall': 0.958, 'F1 Score': 0.875}, 'Class_2': {'Precision': 0.939, 'Recall': 0.545, 'F1 Score': 0.69}}
788_bin1_gs.mat
0.839