Format:
REM_PERIOD
Intersection over Union for each REM_PERIOD
ConfusionMatrix
REM Precision Recall F1
File Name
Overall F1


[(9049, 9187), (10649, 10787), (12495, 12694)]
[0.826, 0.826, 0.92]
[4754, 866, 64]
[205, 6504, 6]
[20, 47, 411]
'Class_2': {'Precision': 0.854, 'Recall': 0.86, 'F1 Score': 0.857}
arch_387.mat
0.905




[(3718, 3750), (5301, 5350), (6036, 6092), (6663, 6764), (9085, 9227), (9691, 9725), (10525, 10636), (11154, 11379)]
[0.969, 0.735, 0.786, 0.861, 0.599, 0.0, 0.063, 0.627]
[4774, 672, 0]
[372, 5587, 5]
[68, 258, 432]
'Class_2': {'Precision': 0.989, 'Recall': 0.57, 'F1 Score': 0.723}
arch_412.mat
0.885




[(5229, 5269), (8038, 8134), (10053, 10107), (10378, 10408), (10664, 10832)]
[1.0, 0.99, 0.87, 0.0, 1.0]
[8155, 541, 7]
[14, 4231, 83]
[0, 40, 353]
'Class_2': {'Precision': 0.797, 'Recall': 0.898, 'F1 Score': 0.844}
arch_420.mat
0.95




[(3139, 3235), (4168, 4242), (4640, 4758), (6052, 6189), (8459, 8521), (9639, 9755)]
[0.99, 0.986, 0.992, 0.993, 0.871, 1.0]
[3087, 332, 9]
[252, 7040, 323]
[12, 1, 596]
'Class_2': {'Precision': 0.642, 'Recall': 0.979, 'F1 Score': 0.776}
arch_484_yfp.mat
0.922



                                                                                                              
[(2098, 2155), (3003, 3161), (4304, 4350), (4864, 4935), (6955, 7040), (8250, 8362), (9200, 9433), (10286, 10351)]
[0.877, 1.0, 1.0, 0.958, 0.894, 0.946, 0.931, 0.969]
[3771, 290, 5]
[123, 6567, 52]
[10, 38, 787]
'Class_2': {'Precision': 0.932, 'Recall': 0.943, 'F1 Score': 0.937}
arch_486.mat
0.955




[(4586, 4712), (5702, 5723), (5925, 5992), (6000, 6034), (6922, 6991), (7908, 7951), (8758, 8805), (9117, 9155), (9523, 9602), (9606, 9622), (10106, 10206), (10208, 10233)]
[1.0, 0.0, 0.343, 0.029, 0.681, 0.651, 0.894, 0.921, 0.139, 0.0, 0.7, 0.0]
[2372, 204, 0]
[693, 6982, 56]
[253, 37, 387]
'Class_2': {'Precision': 0.874, 'Recall': 0.572, 'F1 Score': 0.691}
aud_399.mat
0.889



                                                                                                           
[(1467, 1537), (3041, 3118), (3610, 3645), (4067, 4147), (4520, 4630), (5356, 5414), (6039, 6072), (6221, 6332), (7036, 7100), (8243, 8333), (8698, 8779)]
[0.8, 1.0, 1.0, 1.0, 0.945, 1.0, 0.909, 0.955, 1.0, 0.933, 0.926]
[2312, 200, 25]
[573, 6746, 169]
[11, 33, 776]
'Class_2': {'Precision': 0.8, 'Recall': 0.946, 'F1 Score': 0.867}
chr2_584_yfp.mat
0.909





[(2878, 2957), (3713, 3871), (5723, 5835), (6912, 7075), (7924, 7992), (8991, 9053), (9567, 9729)]
[0.975, 1.0, 0.812, 1.0, 0.897, 0.968, 1.0]
[2672, 286, 16]
[215, 6798, 1]
[3, 34, 774]
{'Class_0': {'Precision': 0.925, 'Recall': 0.898, 'F1 Score': 0.911}, 'Class_1': {'Precision': 0.955, 'Recall': 0.969, 'F1 Score': 0.962}, 'Class_2': {'Precision': 0.979, 'Recall': 0.954, 'F1 Score': 0.966}}
chr2_588_freq.mat
0.948




[(4801, 4834), (5438, 5495), (6519, 6608)]
[0.939, 0.947, 0.899]
[1950, 333, 5]
[106, 4684, 97]
[3, 13, 166]
'Class_2': {'Precision': 0.619, 'Recall': 0.912, 'F1 Score': 0.738}
nor_387_arch.mat
0.925




                                                                                                                  
[(3470, 3564), (4128, 4216), (6105, 6169), (6912, 7075)]
[0.0, 0.932, 0.969, 0.994]
[2558, 428, 0]
[266, 3514, 26]
[8, 99, 306]
'Class_2': {'Precision': 0.922, 'Recall': 0.741, 'F1 Score': 0.821}
nor_408_yfp.mat
0.885




                                                                                                         
[(3284, 3412), (4647, 4682), (5515, 5700)]
[0.977, 0.457, 0.973]
[1606, 93, 0]
[348, 4815, 0]
[3, 27, 321]
'Class_2': {'Precision': 1.0, 'Recall': 0.915, 'F1 Score': 0.955}
nor_486_arch.mat
0.936



                                                                                                                
[(3747, 3796), (4544, 4680), (5265, 5281), (7252, 7293), (7668, 7841), (8860, 8892), (9255, 9316), (9319, 9378), (10283, 10419), (11427, 11511), (12119, 12250)]
[0.592, 0.971, 1.0, 1.0, 1.0, 1.0, 0.984, 0.542, 0.993, 1.0, 0.992]
[4446, 390, 5]
[42, 6345, 93]
[45, 13, 867]
'Class_2': {'Precision': 0.898, 'Recall': 0.937, 'F1 Score': 0.917}
sal_588.mat
0.952




                                                                                                   
[(2410, 2501), (3039, 3077), (3781, 3917), (4530, 4655), (5774, 5961), (8304, 8367), (8823, 8906), (9665, 9802), (10278, 10324), (10655, 10722), (11269, 11360), (11877, 11920)]
[0.989, 0.974, 0.993, 0.992, 0.995, 1.0, 0.988, 0.993, 1.0, 0.985, 0.989, 0.977]
[3274, 221, 94]
[136, 6833, 501]
[10, 1, 1108]
'Class_2': {'Precision': 0.651, 'Recall': 0.99, 'F1 Score': 0.785}
sal_592.mat
0.925





                                                                                                             
[(2481, 2576), (3681, 3770), (5569, 5607), (6269, 6416), (6784, 6812), (6988, 7021), (7159, 7199), (7543, 7658), (9091, 9238), (9460, 9506), (9843, 9944), (10205, 10234), (10445, 10458), (10515, 10656)]
[0.968, 0.955, 0.921, 0.98, 0.857, 0.909, 0.95, 0.974, 0.619, 0.935, 0.97, 0.862, 0.462, 0.972]
[4113, 246, 0]
[258, 6279, 128]
[98, 5, 973]
'Class_2': {'Precision': 0.884, 'Recall': 0.904, 'F1 Score': 0.894}}
sal_602.mat



GOLD STANDARD

[(3019, 3056), (5160, 5191), (7725, 7820), (9562, 9586)]
[0.0, 0.0, 0.821, 0.0]
[6094, 270, 1]
[233, 3100, 0]
[0, 113, 78]
'Class_2': {'Precision': 0.987, 'Recall': 0.408, 'F1 Score': 0.578}
COM5_bin1_gs.mat
0.936





[(2684, 2803), (3993, 4093), (4592, 4653), (5121, 5267), (6047, 6110), (6676, 6856), (7728, 7752), (7918, 7963), (9953, 10114)]
[0.966, 1.0, 0.738, 1.0, 0.984, 1.0, 0.5, 0.933, 1.0]
[2311, 205, 9]
[832, 6625, 14]
[0, 41, 867]
'Class_2': {'Precision': 0.974, 'Recall': 0.955, 'F1 Score': 0.964}
115_gs.mat
0.902




                                                                                                               
[(3747, 3775), (4191, 4235), (4825, 4961), (5907, 6073), (7094, 7135), (8613, 8654), (9058, 9248)]
[0.0, 0.523, 0.757, 0.699, 0.0, 0.0, 0.6]
[2962, 1055, 23]
[235, 5353, 0]
[57, 240, 356]
'Class_2': {'Precision': 0.939, 'Recall': 0.545, 'F1 Score': 0.69}
788_bin1_gs.mat
0.839